-   radius: 4.523935594613266e+17
    universeID: 9
    universeName: ''
    x: -7.8414612025763e+16
    xMax: 2.921843655549624e+17
    xMin: -4.4901358960648845e+17
    y: 4.000683824544035e+16
    yMax: 1.1140517836688538e+17
    yMin: -3.1391501876004684e+16
    z: -1.879111335347789e+16
    zMax: 4.711846728148045e+17
    zMin: -4.336024461078487e+17
-   radius: 4.523935594613266e+17
    universeID: 9000001
    universeName: EVE Wormhole Universe
    x: 7.704163917169471e+18
    xMax: 8.156557476630798e+18
    xMin: 7.251770357708145e+18
    y: 1.539371980795786e+18
    yMax: 1.9917655402571126e+18
    yMin: 1.0869784213344594e+18
    z: -9.519055862041336e+18
    zMax: 9.971449421502663e+18
    zMin: 9.066662302580009e+18
